<?xml version="1.0"?>
<opencv_storage>
<L2_diff>6.3914381793145740e+03</L2_diff>
<test_img1 type_id="opencv-matrix">
  <rows>30</rows>
  <cols>20</cols>
  <dt>"3u"</dt>
  <data>
    17 68 116 172 175 70 110 238 26 197 240 137 223 158 60 24 70 216 114
    10 240 62 218 242 49 29 15 234 139 165 111 143 251 208 142 15 37 231
    65 247 15 139 39 238 97 76 200 72 95 197 44 248 39 130 8 227 193 252
    235 232 141 247 157 99 141 123 120 96 189 12 201 188 11 49 215 183
    72 174 37 215 103 163 220 79 94 253 201 64 42 196 114 92 221 159 129
    51 173 199 235 236 115 7 243 92 156 214 107 192 20 41 187 130 170
    115 182 178 18 241 118 47 203 96 154 74 26 67 114 69 163 179 39 226
    91 240 121 144 215 9 106 246 37 110 245 225 103 89 61 159 139 8 111
    149 190 242 67 35 214 133 49 5 226 138 141 188 173 21 228 60 20 142
    181 57 120 81 1 9 85 194 12 97 13 248 76 237 115 27 62 10 138 221
    116 122 59 185 33 57 14 150 55 122 100 23 12 250 59 178 164 137 173
    103 90 8 52 149 172 234 242 149 86 8 65 189 125 9 86 121 46 146 80
    40 27 228 168 186 23 99 140 12 167 152 120 39 236 166 2 147 12 99 2
    159 179 122 232 176 12 179 198 4 253 166 129 98 21 9 137 49 155 119
    142 225 189 161 255 174 146 69 197 113 0 39 61 244 245 204 203 55
    228 119 91 179 51 26 39 248 8 196 34 89 82 19 198 219 38 55 211 182
    248 38 12 10 211 79 221 159 223 249 46 235 89 250 93 123 22 240 114
    225 61 121 97 30 121 126 83 170 235 174 104 102 36 197 187 212 61
    100 189 179 223 20 119 212 246 7 230 50 85 105 162 5 86 110 90 124
    140 76 212 80 184 134 239 48 220 24 30 64 251 52 98 146 25 43 69 34
    26 188 120 119 12 229 22 247 159 33 71 243 83 41 132 64 112 219 122
    32 229 227 200 134 83 133 212 0 153 74 253 241 193 42 51 252 193 153
    176 11 31 168 106 131 37 136 37 212 102 125 168 165 47 59 230 26 223
    186 22 207 28 60 30 0 214 120 34 102 20 204 218 94 214 99 110 77 154
    26 145 244 218 180 240 177 156 126 38 168 95 132 104 105 228 213 181
    199 164 224 36 8 160 204 85 126 25 156 193 128 50 42 151 3 162 108
    98 232 203 56 52 211 74 156 78 245 120 155 135 238 87 95 212 50 170
    204 225 194 238 14 24 46 135 158 67 20 126 30 222 232 249 112 32 163
    4 139 12 210 177 203 107 194 239 144 58 172 104 167 175 79 131 35 53
    164 89 241 81 233 123 251 171 9 11 139 126 208 30 176 204 253 171
    177 170 67 219 51 146 254 219 212 70 168 65 172 214 119 71 38 45 178
    214 150 63 19 124 129 66 115 16 97 218 72 5 242 197 30 39 251 51 110
    153 69 152 28 181 135 97 196 7 228 143 60 183 184 245 166 228 95 203
    131 233 76 10 231 8 195 73 39 189 229 80 174 172 63 157 223 159 136
    33 128 26 135 29 121 49 139 12 18 235 250 210 188 23 77 156 112 242
    11 175 207 42 90 54 156 163 195 184 200 134 2 120 239 225 155 72 245
    105 167 180 229 223 55 126 174 55 78 42 71 216 205 164 84 39 45 53
    55 61 117 55 239 145 90 13 242 110 145 51 72 247 22 12 8 41 64 39 50
    240 16 61 173 151 234 161 61 91 156 50 177 129 106 154 92 132 243
    203 46 41 20 108 218 205 206 124 47 163 35 27 111 203 23 1 177 29 60
    241 68 238 114 115 138 146 75 97 41 4 137 54 205 81 102 58 219 181
    246 199 146 96 125 89 243 190 20 241 133 12 60 45 141 182 178 211
    234 7 36 18 222 88 87 20 58 184 0 147 184 71 69 159 180 13 70 120 45
    178 199 35 206 1 105 133 164 12 49 246 155 172 136 19 158 40 248 46
    148 237 57 239 94 140 27 196 161 47 121 211 235 93 241 142 245 78
    166 126 65 12 240 147 244 21 237 18 182 100 65 195 11 174 164 21 160
    191 201 193 193 64 89 212 203 151 241 114 199 121 3 188 191 55 170
    223 6 246 135 6 169 53 210 9 237 199 226 159 197 136 5 199 9 207 161
    5 53 53 152 55 163 184 6 126 224 118 176 19 7 252 50 190 122 96 69 6
    12 111 123 185 110 189 204 244 1 113 48 159 164 193 57 168 99 84 222
    9 193 47 208 172 210 83 170 4 142 244 83 197 120 160 82 240 153 221
    42 212 189 95 17 135 176 227 244 115 39 59 232 70 57 87 253 90 29
    251 105 122 45 250 158 0 119 39 189 32 95 185 137 108 40 84 49 70 6
    13 145 176 14 255 62 70 43 157 194 26 232 184 118 183 73 49 152 25
    216 151 224 101 138 60 120 140 44 136 220 244 76 152 81 132 227 155
    59 193 173 174 201 94 51 81 98 2 132 190 181 220 239 82 146 172 2 97
    161 26 50 11 168 233 242 179 5 104 12 67 242 223 112 138 55 244 149
    220 110 111 21 131 31 199 231 58 38 253 204 118 54 180 96 63 193 235
    245 251 111 56 187 43 184 192 200 123 218 225 14 80 129 65 155 30
    120 175 198 160 49 62 212 169 254 169 78 24 27 135 1 233 127 241 133
    48 93 184 211 9 82 240 129 232 181 162 184 242 206 204 36 38 3 161
    180 154 86 139 12 146 164 253 142 190 250 164 168 150 100 212 178
    156 132 165 211 253 138 141 182 246 4 199 247 182 165 65 222 192 1
    182 25 45 242 143 169 49 140 72 148 139 219 136 117 118 83 63 195
    113 147 195 105 99 38 205 65 192 111 200 168 161 165 26 219 43 178
    98 59 117 167 206 209 111 26 54 228 149 26 27 171 8 148 78 234 238
    127 53 94 176 44 88 77 108 246 100 249 33 246 209 88 87 239 88 38
    223 98 146 104 75 192 4 52 49 56 105 62 126 160 87 159 101 97 4 232
    161 52 53 44 123 2 11 26 253 38 135 53 18 122 223 36 113 233 69 139
    238 112 146 136 135 169 4 217 140 130 102 76 206 125 99 51 77 205 81
    75 63 231 94 227 157 74 173 206 120 221 190 103 147 27 13 102 102
    131 244 163 103 139 109 127 235 190 134 12 124 2 127 184 205 175 149
    27 12 222 48 133 73 39 123 121 131 21 32 67 123 226 156 176 130 29
    19 183 106 35 106 105 66 57 117 66 202 174 47 91 235 245 156 244 132
    65 125 198 166 58 235 29 146 249 50 34 252 126 114 4 100 67 194 244
    209 82 146 41 242 218 133 252 198 46 196 26 121 152 90 49 173 109 60
    206 218 43 53 50 108 159 172 72 54 239 168 164 37 115 222 55 117 59
    255 2 122 230 238 1 86 46 100 97 44 251 222 68 240 253 28 186 55 204
    46 188 73 106 208 176 1 80 177 23 179 49 146 210 76 205 244 124 142
    44 218 126 4 191 222 83 22 198 144 199 43 204 0 41 105 68 23 145 243
    51 247 95 159 119 62 22 128 102 227 219 220 134 151 214 235 21 113
    32 35 169 209 220 251 185 171 91 174 29 136 192 177 129 130 95 166
    12 131 80 49 196 122 28 145 128 204 164 244 19 2 189 41 14 167 24
    145 56 96 124 8 57 57 141 232 84 222 230 7 112 143 45 143 161 134
    121 10 217 27 70 12 220 83 17 180 146 79 38 139 222 240 207 243 4
    212 214 205 254 163 203 23 209 182 124 225 90 34 20 150 139 203 224
    36 186 94 60 176 9 136 134 222 39 234 249 148 129 167 178 182 3 108
    247 250 8 176 86 170 238 204 203 50 16 51 246 111 245 48 143 215 240
    226 99 156 111 196 193 230 68 22 129 105 233 3 40 69 66 111 185 65
    248 193 146 219 135 101 130 144 62 182 128 171 198 50 229 238 78 181
    159 236 15 111 53 23 19 114 47 84 118 80 38 52 93 149 73 73 47 212
    23 94 254 228 158 234 189 141 131 98 23 166 250 149 178 55 54 81 143
    246 229 217 77 144 70 245 192 36 207 204 140 198 102 20 73 71 219
    205 97 161 225 45 115 54 183 130 27 138 1 240 117 176 222 155 151 14
    120 226 242 73 164 188 191 218 45 101 130 69 81 67 124</data></test_img1>
